6354d7725a4f9baf03ec63541ed454a0f9dff562 0.1
6354d7725a4f9baf03ec63541ed454a0f9dff562 0.1
0000000000000000000000000000000000000000 0.1
ab92691bf59b2e9045f67712041173074fd519e7 .2
ab92691bf59b2e9045f67712041173074fd519e7 .2
0000000000000000000000000000000000000000 .2
0000000000000000000000000000000000000000 .2
f06b89b017ad5c1c538e8840787f908b1e0d9104 .2
6354d7725a4f9baf03ec63541ed454a0f9dff562 .1
f06b89b017ad5c1c538e8840787f908b1e0d9104 .2
0000000000000000000000000000000000000000 .2
0000000000000000000000000000000000000000 .2
90fbe803e36341c255482323efe8d0950c6214bf .2
90fbe803e36341c255482323efe8d0950c6214bf .2
0000000000000000000000000000000000000000 .2
0000000000000000000000000000000000000000 .2
4f45eecc9fd6e33a11ba4a3ea21343c5a5e75557 .2
4f45eecc9fd6e33a11ba4a3ea21343c5a5e75557 .2
0000000000000000000000000000000000000000 .2
0000000000000000000000000000000000000000 .2
a4ec670bd4841ea9156c21ab67d300bf130365fe .2
a4ec670bd4841ea9156c21ab67d300bf130365fe .2
0000000000000000000000000000000000000000 .2
a4ec670bd4841ea9156c21ab67d300bf130365fe 0.2
